EVALUATION RESULTS:
bleu,success,match
0.30349227256461736,0.8444444394021668,0.9552238804544441
DECODED RESULTS
dial_id,turn_num,user,bspn_gen,bspn,resp_gen,resp
631,6,,,,,
631,0,hi . can you help me find an inexpensive restaurant on the west side of town ?,cheap west EOS_Z1,cheap west EOS_Z1,there are two restaurants in the area_SLOT part of town . what price range would you like ?,what type of food would you like ?
631,1,what type of food would you like ?i would like indian food .,indian cheap west EOS_Z1,indian cheap west EOS_Z1,"i'm sorry , there are no food_SLOT restaurants in the area_SLOT part of town . would you like to try something else ?",i have nothing matching your request . would you like to try another part of town or a different type of cuisine ?
631,2,"i have nothing matching your request . would you like to try another part of town or a different type of cuisine ? any type of food , just cheap in the west part of town .",cheap west EOS_Z1,cheap west EOS_Z1,i found two restaurants in the area_SLOT part of town . would you like their location ?,what about la margherita ? they serve food_SLOT .
631,3,what about la margherita ? they serve italian . is there anything else ?,cheap west EOS_Z1,cheap west EOS_Z1,la margherita is in the area_SLOT part of town and in the pricerange_SLOT price range .,thanh binh is located in the area_SLOT part of town and is in the pricerange_SLOT price range . would you like their information ?
631,4,"thanh binh is located in the west part of town and is in the cheap price range . would you like their information ? yes , please give me their address and phone number .",cheap west EOS_Z1 address phone,cheap west EOS_Z1 address phone,thanh binh is located at 17 magdalene street city area_SLOT and their phone number is 01223 362456 .,thanh binh is located at 17 magdalene street city area_SLOT and its phone number is 01223315232 . is there anything else i can help you with ?
631,5,"thanh binh is located at 17 magdalene street city centre and its phone number is 01223315232 . is there anything else i can help you with ? no , thanks . that 's it .",cheap west EOS_Z1,cheap west EOS_Z1,thank you for using the cambridge restaurant system . goodbye .,thank you and good bye
620,6,,,,,
620,0,i am looking for a restaurant in the south part of town that is in the cheap price range .,cheap south EOS_Z1,cheap south EOS_Z1,there are two restaurants in the area_SLOT part of town that serve pricerange_SLOT food . what kind of food would you like ?,i have two restaurants that meet your requirements . do you have a cuisine preference ?
620,1,i have two restaurants that meet your requirements . do you have a cuisine preference ? i would like italian food .,italian cheap south EOS_Z1,italian cheap south EOS_Z1,"i'm sorry , there are no restaurants serving food_SLOT food in the pricerange_SLOT price range . would you like to try something else ?","i'm sorry , there are no restaurants matching your request . would you like to try something else ?"
620,2,"i'm sorry , there are no restaurants matching your request . would you like to try something else ? i don't care .",cheap south EOS_Z1,cheap south EOS_Z1,da vinci pizzeria is a pricerange_SLOT food_SLOT restaurant in the area_SLOT part of town .,nandos is pricerange_SLOT restaurant in the area_SLOT part of town serving food_SLOT food . would you like their phone number ?
620,3,"nandos is cheap restaurant in the south part of town serving portuguese food . would you like their phone number ?yes , also i will need their address .",cheap south EOS_Z1 address,cheap south EOS_Z1 address,nandos is located at cambridge leisure park clifton way . their phone number is 01223 327908 .,their address is cambridge leisure park clifton way . would you also like the phone number ?
620,4,"their address is cambridge leisure park clifton way . would you also like the phone number ?yes , please give me their number .",cheap south EOS_Z1 phone,cheap south EOS_Z1 phone,the phone number for the lucky star is 01223 351707 .,the phone number for nandos is 01223 327908 . is there anything else i can help you with ?
620,5,"the phone number for nandos is 01223 327908 . is there anything else i can help you with ? no , thanks . i'll head to nandos now . goodbye .",cheap south EOS_Z1,cheap south EOS_Z1,thank you for using the cambridge restaurant system . goodbye .,have a nice day !
617,6,,,,,
617,0,i want to find a restaurant serves corsica food please .,corsica EOS_Z1,corsica EOS_Z1,there are no restaurants matching your request . would you like to try something else ?,we have no matching results .
617,1,we have no matching results .how about gastropub ?,gastropub EOS_Z1,gastropub EOS_Z1,there are three food_SLOT restaurants . do you have a preference on area ?,what part of town would you like ?
617,2,what part of town would you like ?i don't care,gastropub EOS_Z1,gastropub EOS_Z1,there are several food_SLOT restaurants . do you have a preference for the type of food or price range ?,does the price range matter to you ?
617,3,"does the price range matter to you ?nah , whatever you can find is cool .",gastropub EOS_Z1,gastropub EOS_Z1,there are several restaurants in the city . do you have a preference on area ?,"there are four results matching your query : backstreet food_SLOT , royal standard , the cow pizza kitchen and bar , and the slug and lettuce ."
617,4,"there are four results matching your query : backstreet bistro , royal standard , the cow pizza kitchen and bar , and the slug and lettuce . what is the address of backstreet bistro ? phone number and post code ?",gastropub EOS_Z1 address phone postcode,gastropub EOS_Z1 address phone postcode,"backstreet food_SLOT 's address is 2 sturton street city area_SLOT , postcode is c .b 2 , 1 u .f and the phone number is 01223 306306 .","the backstreet food_SLOT 's address is 2 sturton street city area_SLOT , postcode is c .b 1 , 2 q .a and the phone number is 01223 306306 . anything else i can help you with ?"
617,5,"the backstreet bistro 's address is 2 sturton street city centre , postcode is c .b 1 , 2 q .a and the phone number is 01223 306306 . anything else i can help you with ?that is all . thank you , goodbye .",gastropub EOS_Z1,gastropub EOS_Z1,you're welcome . goodbye .,enjoy the restaurant and have a nice day . good bye .
625,6,,,,,
625,0,i want a restaurant on the west end of town .,west EOS_Z1,west EOS_Z1,there are several restaurants in the area_SLOT part of town . do you have a preference for the type of food or price range ?,ok . are you looking for any particular type of food ?
625,1,ok . are you looking for any particular type of food ?i don't care .,west EOS_Z1,west EOS_Z1,there are several restaurants in the area_SLOT part of town . do you have a preference for the type of food or price range ?,are you looking for a particular price range ?
625,2,are you looking for a particular price range ?a moderately priced restaurant would be good .,moderate west EOS_Z1,moderate west EOS_Z1,there are two pricerange_SLOT priced restaurants in the area_SLOT part of town . what price range would you like ?,do you have a cuisine preference ?
625,3,do you have a cuisine preference ? no preference,moderate west EOS_Z1,moderate west EOS_Z1,there are two restaurants in the area_SLOT part of town that serve pricerange_SLOT price range . do you have a preference ?,how about prezzo ? they serve pricerange_SLOT priced food_SLOT food on the area_SLOT side of town .
625,4,how about prezzo ? they serve moderately priced italian food on the west side of town .can i please have their address and phone number ?,moderate west EOS_Z1 address phone,moderate west EOS_Z1 address phone,prezzo is located at 21-24 area_SLOT road and the phone number is 01799 521260 .,"prezzo 's address is 21 - 24 area_SLOT road , their phone number is 01799 521260 ."
625,5,"prezzo 's address is 21 - 24 northampton road , their phone number is 01799 521260 .thank you , goodbye",moderate west EOS_Z1,moderate west EOS_Z1,thank you for using our system . good bye,thank you for using our system . good bye .
664,6,,,,,
664,0,i am looking for a danish restaurant,danish EOS_Z1,danish EOS_Z1,there are no food_SLOT restaurants in the city . would you like to try something else ?,there are no food_SLOT restaurants listed . may i direct you toward another restaurant ?
664,1,there are no danish restaurants listed . may i direct you toward another restaurant ? how about north american food ?,north american EOS_Z1,north american EOS_Z1,the gourmet burger kitchen is a pricerange_SLOT restaurant serving area_SLOT american food .,"there is one listing for area_SLOT american food , gourmet burger kitchen in area_SLOT part of town ."
664,2,"there is one listing for north american food , gourmet burger kitchen in centre part of town .what is their phone number and postcode ?",north american EOS_Z1 phone postcode,north american EOS_Z1 phone postcode,"the phone number for gourmet burger kitchen is 01223 312598 and the postcode is c .b 1 , 7 d .y","postcode : c .b 2 , 1 a .b , phone number is 01223 312598"
664,3,"postcode : c .b 2 , 1 a .b , phone number is 01223 312598is there anything else ?",north american EOS_Z1,north american EOS_Z1,there is a nice restaurant that serves area_SLOT american food .,that is the only restaurant serving area_SLOT american food .
664,4,that is the only restaurant serving north american food .could you give me the phone number and postcode ?,north american EOS_Z1 phone postcode,north american EOS_Z1 phone postcode,"the phone number for area_SLOT american food is 01223 312598 and the postcode is c .b 2 , 1 a .b .","the phone number is 01223 312598 and postcode is c .b 2 , 1 a .b"
664,5,"the phone number is 01223 312598 and postcode is c .b 2 , 1 a .bthank you good bye .",north american EOS_Z1,north american EOS_Z1,thank you for using our system . good bye,"thank you for using our service , good bye ."
669,6,,,,,
669,0,an expensive restaurant please,expensive EOS_Z1,expensive EOS_Z1,there are two pricerange_SLOT restaurants in town . do you have a preference on area ?,do you have an area of town or type of cuisine in mind ?
669,1,do you have an area of town or type of cuisine in mind ?i was thinking catalan food,catalan expensive EOS_Z1,catalan expensive EOS_Z1,there are no restaurants matching your request . would you like to try something else ?,there are no pricerange_SLOT food_SLOT restaurants . can i help you find something else ?
669,2,there are no expensive catalan restaurants . can i help you find something else ?are there any mid-range catalan restaurants ?,catalan moderate EOS_Z1,catalan moderate EOS_Z1,there are no restaurants serving food_SLOT food in the pricerange_SLOT price range . would you like to try something else ?,yes . what type of food do you want ?
669,3,yes . what type of food do you want ?how about italian ?,italian moderate EOS_Z1,italian moderate EOS_Z1,la margherita is an food_SLOT restaurant in the pricerange_SLOT price range .,prezzo is an food_SLOT restaurant in the pricerange_SLOT price range .
669,4,"prezzo is an italian restaurant in the moderate price range .great , what is thier address , phone number and area ?",italian moderate EOS_Z1 address area phone,italian moderate EOS_Z1 address area phone,prezzo is located in the area_SLOT of town and is in the pricerange_SLOT price range . their phone number is 01799 521260 .,prezzo is located at 21-24 area_SLOT road . its phone number is 01799521260 and it is in the area_SLOT . is there anything else can i help you with ?
669,5,prezzo is located at 21-24 northampton road . its phone number is 01799521260 and it is in the west . is there anything else can i help you with ? thank you goodbye .,italian moderate EOS_Z1,italian moderate EOS_Z1,thank you for using the cambridge restaurant system . goodbye .,"thank you for calling , enjoy your meal ! goodbye ."
634,7,,,,,
634,0,i want afghan food in the centre of town .,afghan centre EOS_Z1,afghan centre EOS_Z1,there are no restaurants matching your request . would you like to try something else ?,what price range are you looking for ?
634,1,what price range are you looking for ?any price range will be fine .,afghan centre EOS_Z1,afghan centre EOS_Z1,"i'm sorry , but there are no food_SLOT restaurants in the area_SLOT part of town . would you like to try something else ?",what area are you looking for ?
634,2,what area are you looking for ?centre part of town .,afghan centre EOS_Z1,afghan centre EOS_Z1,there are no matches for your request . would you like to try something else ?,there are no restaurants that serve food_SLOT food in the center of town .
634,3,there are no restaurants that serve afghan food in the center of town .how about a place serving turkish food ?,turkish centre EOS_Z1,turkish centre EOS_Z1,there are three restaurants that serve food_SLOT food . what price range would you like ?,"there are three restaurants , the locations are bridge street city area_SLOT , king street city area_SLOT , and the more pricerange_SLOT is on mill road city area_SLOT . which do you prefer ?"
634,4,"there are three restaurants , the locations are bridge street city centre , king street city centre , and the more expensive is on mill road city centre . which do you prefer ?i don't care",turkish centre EOS_Z1,turkish centre EOS_Z1,anatolia is a food_SLOT restaurant in the area_SLOT of town . would you like their information ?,anatolia meets your criteria . would you like their contact information ?
634,5,"anatolia meets your criteria . would you like their contact information ?yes , what is their price range and address ?",turkish centre EOS_Z1 address pricerange,turkish centre EOS_Z1 address pricerange,anatolia is located at 30 bridge street city area_SLOT and their phone number is 01223 362372 .,anatolia is in the pricerange_SLOT price range and is located at 30 bridge street city area_SLOT .
634,6,anatolia is in the moderate price range and is located at 30 bridge street city centre .thank you . good bye .,turkish centre EOS_Z1,turkish centre EOS_Z1,thank you for using the cambridge restaurant system . goodbye .,"thank you , goodbye !"
619,4,,,,,
619,0,i would like a restaurant in the north part of town that serves australasian food,australasian north EOS_Z1,australasian north EOS_Z1,"i'm sorry , there are no food_SLOT restaurants in the area_SLOT part of town . would you like to try something else ?",there are no restaurants matching your criteria . would you like to search for something else ?
619,1,there are no restaurants matching your criteria . would you like to search for something else ?how about asian oriental food ?,asian oriental north EOS_Z1,asian oriental north EOS_Z1,saigon city serves food_SLOT food and is in the area_SLOT part of town .,"saigon city serves food_SLOT and they are located in the area_SLOT , although they are quite pricerange_SLOT . would you like the address ?"
619,2,"saigon city serves asian oriental and they are located in the north , although they are quite expensive . would you like the address ?yes , i would like their address and phone number .",asian oriental north EOS_Z1 address phone,asian oriental north EOS_Z1 address phone,saigon city 's address is 169 high street chesterton chesterton and their phone number is 01223 356555 .,saigon city 's address is 169 high street chesterton chesterton and its phone number is 01223 356555
619,3,saigon city 's address is 169 high street chesterton chesterton and its phone number is 01223 356555thank you goodbye .,asian oriental north EOS_Z1,asian oriental north EOS_Z1,thank you for using the cambridge restaurant system . goodbye .,thank you and good bye
663,4,,,,,
663,0,i am looking for a restaurant serving spanish food .,spanish EOS_Z1,spanish EOS_Z1,la raza is a food_SLOT restaurant in the area_SLOT of town .,there are two restaurants serving food_SLOT food in the pricerange_SLOT and pricerange_SLOT price range . which price range would you prefer ?
663,1,there are two restaurants serving spanish food in the cheap and moderate price range . which price range would you prefer ?i am looking for a restaurant in any area that serves lebanese food .,lebanese EOS_Z1,lebanese EOS_Z1,la raza is a food_SLOT restaurant in the area_SLOT of town . would you like their location ?,ali baba serves food_SLOT food . would you like the location information ?
663,2,"ali baba serves lebanese food . would you like the location information ?yes please , i would like the address and phone number .",lebanese EOS_Z1 address phone,lebanese EOS_Z1 address phone,ali baba is located at 59 sanit andrews street city area_SLOT and its phone number is 01223 363471 . is there anything else i can help you with ?,the phone number for ali baba is 01462 432565 and their address is 59 hills road city area_SLOT . can i help you with anything else today ?
663,3,"the phone number for ali baba is 01462 432565 and their address is 59 hills road city centre . can i help you with anything else today ? thank you . no , that 's all i need . goodbye !",lebanese EOS_Z1,lebanese EOS_Z1,thank you for using our system . good bye,"thanks for using cambridge restaurant system , goodbye ."
657,4,,,,,
657,0,"a moderately priced restaurant in the north part of town , please .",moderate north EOS_Z1,moderate north EOS_Z1,there are two pricerange_SLOT priced restaurants in the area_SLOT part of town . do you have a preference on the type of food or price range ?,the golden wok is a nice restaurant in the area_SLOT part of town and is in the pricerange_SLOT price range . would you like their location ?
657,1,the golden wok is a nice restaurant in the north part of town and is in the moderate price range . would you like their location ? yes please .,moderate north EOS_Z1 address,moderate north EOS_Z1 address,the golden wok is located at 191 histon road chesterton . is there anything else i can help you with ?,the golden wok is located at 191 histon road chesterton
657,2,the golden wok is located at 191 histon road chestertonphone number ?,moderate north EOS_Z1 phone,moderate north EOS_Z1 phone,the golden wok 's phone number is 01223 350688 . is there anything else i can help you with ?,the golden wok 's phone number is 01223 350688 . is there anything else i can help you with ?
657,3,"the golden wok 's phone number is 01223 350688 . is there anything else i can help you with ?that 's it , thank you . good bye .",moderate north EOS_Z1,moderate north EOS_Z1,thank you for using the cambridge restaurant system . goodbye .,thank you for using the cambridge restaurant system . goodbye .
641,4,,,,,
641,0,"a restaurant in the moderately priced range , please",moderate EOS_Z1,moderate EOS_Z1,there are two pricerange_SLOT priced restaurants in the city . do you have a preference of area ?,there is a lot of restaurants in the pricerange_SLOT priced range . please tell me the area or the food you would like today .
641,1,"there is a lot of restaurants in the moderate priced range . please tell me the area or the food you would like today . okay , would it help to narrow it down to the west part of town ? i am having trouble deciding what i want to eat today .",moderate west EOS_Z1,moderate west EOS_Z1,there are two restaurants in the pricerange_SLOT price range . would you like their location ?,"meghna is an food_SLOT restaurant in the area_SLOT part of town , and is in the pricerange_SLOT price range ."
641,2,"meghna is an italian restaurant in the west part of town , and is in the moderate price range .phone number , please .",moderate west EOS_Z1 phone,moderate west EOS_Z1 phone,meghna 's phone number is 01223 727410 and they are located at 205 victoria road chesterton . is there anything else i can do for you today ?,meghna 's phone number is 01223 727410 . is there anything else i can do for you tonight ?
641,3,meghna 's phone number is 01223 727410 . is there anything else i can do for you tonight ?thank you very much ! goodbye !,moderate west EOS_Z1,moderate west EOS_Z1,thank you for using the cambridge restaurant system . goodbye .,thank you and goodbye !
656,4,,,,,
656,0,i would like a cheap restaurant that serves greek food,greek cheap EOS_Z1,greek cheap EOS_Z1,"i'm sorry , there are no restaurants serving food_SLOT food in the pricerange_SLOT price range . would you like to try something else ?",i cannot locate a pricerange_SLOT food_SLOT restaurant . is there another one that you are interested in .
656,1,i cannot locate a cheap greek restaurant . is there another one that you are interested in .please check for italian food . i will also need the address and phone number .,italian cheap EOS_Z1 address phone,italian cheap EOS_Z1 address phone,i found two food_SLOT restaurants . one is in the area_SLOT and one in the area_SLOT part of town . would you like the phone number ?,"there are 5 entries for food_SLOT food in the pricerange_SLOT price range . is there an area of town that works best for you area_SLOT , area_SLOT , or area_SLOT ?"
656,2,"there are 5 entries for italian food in the cheap price range . is there an area of town that works best for you north , centre , or west ?it doesn't matter .",italian cheap EOS_Z1,italian cheap EOS_Z1,da vinci pizzeria is a pricerange_SLOT food_SLOT restaurant in the area_SLOT of town . it is located at 20 milton road chesterton .,how about da vinci pizzeria ? it is located at 20 milton road chesterton and the phone number is 01223 351707 .
656,3,how about da vinci pizzeria ? it is located at 20 milton road chesterton and the phone number is 01223 351707 .thank you . goodbye !,italian cheap EOS_Z1,italian cheap EOS_Z1,thank you for using the cambridge restaurant system . goodbye .,"thank you for using our service , good bye ."
670,4,,,,,
670,0,can you give me the phone number of a moderately priced restaurant in the north part of town ?,moderate north EOS_Z1 phone,moderate north EOS_Z1 phone,the golden wok is a pricerange_SLOT priced restaurant in the area_SLOT part of town . the phone number is 01223 350688 .,the phone number for golden wok is 01223 350688 . is there anything else i can help you with ?
670,1,"the phone number for golden wok is 01223 350688 . is there anything else i can help you with ?yes , is there another moderately priced restaurant in the north ?",moderate north EOS_Z1,moderate north EOS_Z1,the golden wok is a pricerange_SLOT priced restaurant in the area_SLOT part of town .,"the nirala is a pricerange_SLOT priced restaurant in the area_SLOT of town , and it serves food_SLOT food . would you like the phone number ?"
670,2,"the nirala is a moderately priced restaurant in the north of town , and it serves indian food . would you like the phone number ?yes , i would like their phone number and postcode , please .",moderate north EOS_Z1 phone postcode,moderate north EOS_Z1 phone postcode,the phone number for the nirala is 01223 360966 and they are located at 7 milton road chesterton . is there anything else i can help you with ?,"the phone number is 01223 360966 . and the postcode is c .b 4 , 1 u .y ."
670,3,"the phone number is 01223 360966 . and the postcode is c .b 4 , 1 u .y .thank you , nirala sounds good . goodbye .",moderate north EOS_Z1,moderate north EOS_Z1,thank you for using the cambridge restaurant system . goodbye .,you're welcome . bye .
674,4,,,,,
674,0,hi . i'm trying to find a good restaurant in the south part of town .,south EOS_Z1,south EOS_Z1,there are several restaurants in the area_SLOT part of town . do you have a preference on the type of food or price range ?,there are several good restaurants in the area_SLOT part of town . do you have a preference for the type of food or price range ?
674,1,"there are several good restaurants in the south part of town . do you have a preference for the type of food or price range ? yes , i'd like a restaurant that serves portuguese food .",portuguese south EOS_Z1,portuguese south EOS_Z1,nandos is a food_SLOT restaurant in the area_SLOT part of town . would you like their location ?,nandos is the only restaurant i can find in the area_SLOT that serves food_SLOT .
674,2,nandos is the only restaurant i can find in the south that serves portuguese . nandos sounds great . thank you .,portuguese south EOS_Z1,portuguese south EOS_Z1,thank you for using the cambridge restaurant system . goodbye .,thank you good bye
674,3,thank you good bye goodbye .,portuguese south EOS_Z1,portuguese south EOS_Z1,goodbye .,goodbye .
616,4,,,,,
616,0,i would like a restaurant that serves swiss food,swiss EOS_Z1,swiss EOS_Z1,"i'm sorry , there are no food_SLOT restaurants in town . would you like to try something else ?","i'm sorry , we don't have any food_SLOT restaurants available . do you want to try a different type of food ?"
616,1,"i'm sorry , we don't have any swiss restaurants available . do you want to try a different type of food ? i would like to try vietnamese food",vietnamese EOS_Z1,vietnamese EOS_Z1,thanh binh is a food_SLOT restaurant in the area_SLOT part of town .,thanh binh is a good food_SLOT restaurant in the pricerange_SLOT price range
616,2,thanh binh is a good vietnamese restaurant in the cheap price rangewhat is the address ?,vietnamese EOS_Z1 address,vietnamese EOS_Z1 address,the address is 17 magdalene street city area_SLOT .,17 magdalene street city area_SLOT
616,3,17 magdalene street city centreok thank you . good bye .,vietnamese EOS_Z1,vietnamese EOS_Z1,thank you for using our system . good bye,thank you for using our system . good bye
647,4,,,,,
647,0,"hello , i am looking for an expensive restaurant that serves vegetarian food .",vegetarian expensive EOS_Z1,vegetarian expensive EOS_Z1,"i'm sorry , there are no pricerange_SLOT food_SLOT restaurants in the city . would you like to try something else ?",there is not a restaurant matching your request . would you like another restaurant ?
647,1,"there is not a restaurant matching your request . would you like another restaurant ? yes , how about european food instead .",european expensive EOS_Z1,european expensive EOS_Z1,there are three restaurants serving food_SLOT food . what price range would you like ?,cambridge lodge restaurant is a nice restaurant serves food_SLOT if you want something in the area_SLOT .
647,2,cambridge lodge restaurant is a nice restaurant serves european if you want something in the west .could i have their phone number and address ?,european expensive EOS_Z1 address phone,european expensive EOS_Z1 address phone,cambridge lodge restaurant is located at cambridge lodge hotel 139 huntingdon road city area_SLOT and their phone number is 01223 355166 . is there anything else i can help you with ?,cambridge lodge restaurant is located at cambridge lodge hotel 139 huntingdon road city area_SLOT and their phone number is 01223 355166 .
647,3,cambridge lodge restaurant is located at cambridge lodge hotel 139 huntingdon road city centre and their phone number is 01223 355166 .thank you good bye,european expensive EOS_Z1,european expensive EOS_Z1,thank you for using the cambridge restaurant system . goodbye .,glad we could help !
642,4,,,,,
642,0,please recommend me a cheap restaurant in the north .,cheap north EOS_Z1,cheap north EOS_Z1,there are two pricerange_SLOT restaurants in the area_SLOT part of town . what price range would you like ?,da vinci pizzeria is in the area_SLOT part of town and in the pricerange_SLOT price range . would you like their location ?
642,1,da vinci pizzeria is in the north part of town and in the cheap price range . would you like their location ? yes .,cheap north EOS_Z1 address,cheap north EOS_Z1 address,da vinci pizzeria is located at 20 milton road chesterton . is there anything else i can help you with ?,they are located at 20 milton road chesterton
642,2,they are located at 20 milton road chestertonwhat is their postcode ?,north cheap EOS_Z1 postcode,cheap north EOS_Z1 postcode,"the postcode for the nirala is c .b 2 , 1 u .j .",the postcode is cb41jy is there anything else i can help you with ?
642,3,"the postcode is cb41jy is there anything else i can help you with ?no , thank you good bye",cheap north EOS_Z1,cheap north EOS_Z1,thank you for using the cambridge restaurant system . goodbye .,thank you .
635,4,,,,,
635,0,i would like a barbeque restaurant .,barbeque EOS_Z1,barbeque EOS_Z1,there are no food_SLOT restaurants . would you like to try something else ?,"where would you like to search for a restaurant , and what price range would you prefer ?"
635,1,"where would you like to search for a restaurant , and what price range would you prefer ?i don't care about the price range or location .",barbeque EOS_Z1,barbeque EOS_Z1,there are no restaurants serving food_SLOT in the pricerange_SLOT price range . would you like a different type of food or type of food ?,there are no restaurants serving food_SLOT .
635,2,"there are no restaurants serving barbeque .do you have an address , phone number and postcode for a north american food restaurant ?",north american EOS_Z1 address phone postcode,north american EOS_Z1 address phone postcode,"the gourmet burger kitchen is located at regent street city area_SLOT , postcode c .b 2 , 1 a .b .","the gourmet burger kitchen is at regent street city area_SLOT , post code c .b 2 , 1 a .b . the phone number is 01223 312598 ."
635,3,"the gourmet burger kitchen is at regent street city centre , post code c .b 2 , 1 a .b . the phone number is 01223 312598 .thank you good bye .",north american EOS_Z1,north american EOS_Z1,thank you for using our system . good bye,thank you .
618,4,,,,,
618,0,can you tell me if there is a moderately priced restaurant serving spanish food anywhere in town ?,spanish moderate EOS_Z1,spanish moderate EOS_Z1,la tasca is a food_SLOT restaurant in the pricerange_SLOT price range .,la tasca serves food_SLOT food and is located in the town area_SLOT and is in the pricerange_SLOT price range .
618,1,"la tasca serves spanish food and is located in the town centre and is in the moderate price range . what is the address , phone number , and area ?",spanish moderate EOS_Z1 address area phone,spanish moderate EOS_Z1 address area phone,the address is 14 -16 bridge street and the phone number is 01223 464630 .,their address is 14 -16 bridge street in the area_SLOT area . their phone number is 01223 464630 . can i help with anything else ?
618,2,"their address is 14 -16 bridge street in the centre area . their phone number is 01223 464630 . can i help with anything else ?no that is it , thank you",spanish moderate EOS_Z1,spanish moderate EOS_Z1,thank you for using our system . good bye,thank you for choosing our system . goodbye
618,3,thank you for choosing our system . goodbye thanks again !,spanish moderate EOS_Z1,spanish moderate EOS_Z1,goodbye .,good bye
658,4,,,,,
658,0,i am looking for a restaurant that serves japanese food . i don't care about the price range .,japanese EOS_Z1,japanese EOS_Z1,wagamama is a food_SLOT restaurant located in the area_SLOT part of town .,there is not a restaurant serving food_SLOT food . would you like a different type food ?
658,1,there is not a restaurant serving japanese food . would you like a different type food ? is there anything in the area for chinese food ?,chinese EOS_Z1,chinese EOS_Z1,there are several restaurants in the area of town . do you have a preference on the area ?,there is charlie chan in city area_SLOT
658,2,there is charlie chan in city centrewhat is the address and phone number of charlie chan ?,chinese EOS_Z1 address phone,chinese EOS_Z1 address phone,the address is regent street city area_SLOT and the phone number is 01223 362456 .,"the address is regent street city area_SLOT , postcode c .b 2 , 1 d .b , and the phone number is 01223 361763"
658,3,"the address is regent street city centre , postcode c .b 2 , 1 d .b , and the phone number is 01223 361763thank you . that is all the info that i needed . good bye .",chinese EOS_Z1,chinese EOS_Z1,thank you for using our system . good bye,thank you .
608,4,,,,,
608,0,i'd like a jamaican restaurant please .,jamaican EOS_Z1,jamaican EOS_Z1,there are no food_SLOT restaurants in the area . would you like to try something else ?,"there are no food_SLOT restaurants , would you care for another type of food ?"
608,1,"there are no jamaican restaurants , would you care for another type of food ?alright then . how about portuguese ?",portuguese EOS_Z1,portuguese EOS_Z1,nandos is a food_SLOT restaurant in the area_SLOT part of town .,"there are two , nandos city area_SLOT as well as nandos in the area_SLOT part of the city , do you have a preference ?"
608,2,"there are two , nandos city centre as well as nandos in the south part of the city , do you have a preference ?may i have the phone number and address for the south location ?",portuguese south EOS_Z1 address phone,portuguese south EOS_Z1 address phone,nandos is located at cambridge leisure park clifton way and the phone number is 01223 327908 . is there anything else i can help you with ?,"the address is cambridge leisure park clifton way , and the phone number is 01223 327908 . can i help you with anything else ?"
608,3,"the address is cambridge leisure park clifton way , and the phone number is 01223 327908 . can i help you with anything else ?thank you , goodbye .",portuguese south EOS_Z1,portuguese south EOS_Z1,thank you for using our system . good bye,enjoy your meal ! good bye .
650,4,,,,,
650,0,a north part of town restaurant,north EOS_Z1,north EOS_Z1,there are several restaurants in the area_SLOT part of town . do you have a preference for the type of food or price range ?,do you have a price range preference ? we have several restaurants in the area_SLOT part of town
650,1,do you have a price range preference ? we have several restaurants in the north part of towni don't care about the price range but would like somewhere serving indian food .,indian north EOS_Z1,indian north EOS_Z1,there are four restaurants in the area_SLOT part of town that serve food_SLOT food . what price range would you like ?,there is a fairly pricerange_SLOT food_SLOT restaurant named royal spice in the area_SLOT part of town .
650,2,there is a fairly cheap indian restaurant named royal spice in the north part of town .what is the address and phone number ?,indian north EOS_Z1 address phone,indian north EOS_Z1 address phone,royal spice is located at victoria avenue chesterton and the phone number is 01223 360966 . is there anything else i can help you with ?,royal spice is located at victoria avenue chesterton and its phone number is 01223 360966 . is there anything else i can help you with ?
650,3,"royal spice is located at victoria avenue chesterton and its phone number is 01223 360966 . is there anything else i can help you with ? nope , that was all i needed . thank you . bye bye .",indian north EOS_Z1,indian north EOS_Z1,thank you for using the cambridge restaurant system . goodbye .,thank you .
630,4,,,,,
630,0,i would like an expensive restaurant in the south part of town,expensive south EOS_Z1,expensive south EOS_Z1,there are two pricerange_SLOT restaurants in the area_SLOT part of town . what price range would you like ?,"there are food_SLOT , food_SLOT , food_SLOT and food_SLOT restaurants in the area . are there any food type in particular you would like ?"
630,1,"there are mexican , chinese , italian and indian restaurants in the area . are there any food type in particular you would like ?i don't care .",expensive south EOS_Z1,expensive south EOS_Z1,there are several restaurants in the area_SLOT part of town that serve food_SLOT food . do you have a preference ?,chiquito restaurant bar is a food_SLOT restaurant located in the area_SLOT part of town and is in the pricerange_SLOT price range .
630,2,chiquito restaurant bar is a mexican restaurant located in the south part of town and is in the expensive price range .what is the address and phone number ?,expensive south EOS_Z1 address phone,expensive south EOS_Z1 address phone,chiquito restaurant bar is located at 2g cambridge leisure park cherry hinton road cherry hinton and their phone number is 01223 400170 .,chiquito restaurant bar is located at 2g cambridge leisure park cherry hinton road cherry hinton and their phone number is 01223 400170 .
630,3,chiquito restaurant bar is located at 2g cambridge leisure park cherry hinton road cherry hinton and their phone number is 01223 400170 .thank you . good bye .,expensive south EOS_Z1,expensive south EOS_Z1,thank you for using our system . good bye,thank you good bye
661,4,,,,,
661,0,i would like a moderately priced restaurant in the north part of town,moderate north EOS_Z1,moderate north EOS_Z1,there are two pricerange_SLOT priced restaurants in the area_SLOT part of town . what kind of food would you like ?,"there are two pricerange_SLOT priced restaurants in the area_SLOT , an food_SLOT restaurant and a food_SLOT restaurant . would you like more information ?"
661,1,"there are two moderately priced restaurants in the north , an italian restaurant and a chinese restaurant . would you like more information ?what is the address of anyone of them ?",moderate north EOS_Z1 address,moderate north EOS_Z1 address,the address for golden wok is 191 histon road chesterton .,the golden wok is a pricerange_SLOT priced food_SLOT restaurant in the area_SLOT located at 191 histon road chesterton . can i be of further assistance ?
661,2,the golden wok is a moderately priced chinese restaurant in the north located at 191 histon road chesterton . can i be of further assistance ? thank you,moderate north EOS_Z1,moderate north EOS_Z1,thank you . good bye,"you're welcome , enjoy your food ."
661,3,"you're welcome , enjoy your food .thank you goodbye .",moderate north EOS_Z1,moderate north EOS_Z1,goodbye .,good bye . thank you for using the system .
611,4,,,,,
611,0,i am looking for a malaysian restaurant in the east part of town .,malaysian east EOS_Z1,malaysian east EOS_Z1,"i'm sorry , there are no food_SLOT restaurants in the area_SLOT part of town . would you like to try something else ?",there are no food_SLOT restaurants on the area_SLOT side of town .
611,1,there are no malaysian restaurants on the east side of town .how about indian food ?,indian east EOS_Z1,indian east EOS_Z1,there are four restaurants in the area_SLOT part of town that serve food_SLOT food . what price range would you like ?,curry prince serves food_SLOT food and is on the area_SLOT side of town .
611,2,"curry prince serves indian food and is on the east side of town .perfect , may i have the address and phone number please ?",indian east EOS_Z1 address phone,indian east EOS_Z1 address phone,the address is 451 newmarket road fen ditton and the phone number is 01223 566388 .,the phone number for curry prince is 01223 566388 and they are located at 451 newmarket road fen ditton . can i help you with anything else today ?
611,3,"the phone number for curry prince is 01223 566388 and they are located at 451 newmarket road fen ditton . can i help you with anything else today ? that 's it . thank you , goodbye",indian east EOS_Z1,indian east EOS_Z1,thank you for using the cambridge restaurant system . goodbye .,goodbye .
651,4,,,,,
651,0,hello . i'm trying to find a restaurant that serves swiss food . can you recommend anything to me ?,swiss EOS_Z1,swiss EOS_Z1,there are no restaurants serving food_SLOT food . would you like to try something else ?,unfortunately there are no restaurants that serve food_SLOT food in this area . would you consider trying a different cuisine ?
651,1,unfortunately there are no restaurants that serve swiss food in this area . would you consider trying a different cuisine ?oh okay . what are my choices for british food then ?,british EOS_Z1,british EOS_Z1,there are two restaurants that serve food_SLOT food . what price range would you like ?,there are several restaurants that serve food_SLOT food in this area . cotto has great food in a pricerange_SLOT price range . it is located at 183 area_SLOT road city area_SLOT .
651,2,there are several restaurants that serve british food in this area . cotto has great food in a moderate price range . it is located at 183 east road city centre .what is the phone number ?,british moderate EOS_Z1 phone,british EOS_Z1 phone,the phone number for cotto is 01223 302010 .,their phone number is 01223 302010 .
651,3,"their phone number is 01223 302010 .thank you , goodbye .",british moderate EOS_Z1,british EOS_Z1,thank you for using the cambridge restaurant system . goodbye .,thank you . good bye
614,4,,,,,
614,0,i am looking for a restaurant in the north part of town that is in the cheap price range .,cheap north EOS_Z1,cheap north EOS_Z1,there are two restaurants in the area_SLOT part of town that serve pricerange_SLOT food . what price range would you like ?,royal spice is in the area_SLOT part of town and is in the pricerange_SLOT price range .
614,1,royal spice is in the north part of town and is in the cheap price range . can i have something else ?,cheap north EOS_Z1,cheap north EOS_Z1,there are two restaurants in the area_SLOT part of town . what price range would you like ?,da vinci pizzeria serves is in the area_SLOT part of town and in the pricerange_SLOT price range . would you like their location ?
614,2,da vinci pizzeria serves is in the north part of town and in the cheap price range . would you like their location ? what is the address ?,cheap north EOS_Z1 address,cheap north EOS_Z1 address,da vinci pizzeria is at 20 milton road chesterton .,their address is 20 milton road chesterton
614,3,their address is 20 milton road chestertonthank you good bye .,cheap north EOS_Z1,cheap north EOS_Z1,thank you for using the cambridge restaurant system . goodbye .,"you're welcome , goodbye"
667,4,,,,,
667,0,i am looking for a restaurant that serves irish food and is in the expensive price range .,irish expensive EOS_Z1,irish expensive EOS_Z1,there are no restaurants serving food_SLOT food in the pricerange_SLOT price range . would you like to try something else ?,there is not a restaurant serving food_SLOT food in the pricerange_SLOT price range . would you like another restaurant ?
667,1,there is not a restaurant serving irish food in the expensive price range . would you like another restaurant ? is there an expensive korean restaurant ?,korean expensive EOS_Z1,korean expensive EOS_Z1,little seoul is a food_SLOT restaurant in the pricerange_SLOT price range .,"yes , little seoul is a food_SLOT restaurant in the pricerange_SLOT price range ."
667,2,"yes , little seoul is a korean restaurant in the expensive price range .great ! can you give me the address and area of little seoul ?",korean expensive EOS_Z1 address area,korean expensive EOS_Z1 address area,little seoul is in the area_SLOT of town and is in the pricerange_SLOT price range . the address is 108 regent street city area_SLOT .,little seoul is located at 108 regent street city area_SLOT . may i help you with anything else today ?
667,3,little seoul is located at 108 regent street city centre . may i help you with anything else today ? no thank you good bye,korean expensive EOS_Z1,korean expensive EOS_Z1,goodbye .,thank you . good bye
633,4,,,,,
633,0,"hi , i'd like to find an expensive cantonese restaurant .",cantonese expensive EOS_Z1,cantonese expensive EOS_Z1,there are no restaurants matching your request . would you like to try something else ?,there are no restaurants in the area that match your preferences . is there anything else you'd be interested in ?
633,1,there are no restaurants in the area that match your preferences . is there anything else you'd be interested in ?how about north american food ?,north american expensive EOS_Z1,north american expensive EOS_Z1,there is a gourmet burger kitchen in the area_SLOT of town that serves area_SLOT american food .,"gourmet burger kitchen serves area_SLOT american food , is in the pricerange_SLOT price range , and is in the area_SLOT part of town . would you like the phone number ?"
633,2,"gourmet burger kitchen serves north american food , is in the expensive price range , and is in the centre part of town . would you like the phone number ?yes , i would like their phone number and postcode , please .",north american expensive EOS_Z1 phone postcode,north american expensive EOS_Z1 phone postcode,"the phone number for gourmet burger kitchen is 01223 312598 and the postcode is c .b 1 , 7 d .y","gourmet burger kitchen 's phone number is 01223 312598 and the postcode is c .b 2 , 1 a .b . may i help you with anything else ?"
633,3,"gourmet burger kitchen 's phone number is 01223 312598 and the postcode is c .b 2 , 1 a .b . may i help you with anything else ?no , thank you for the information . goodbye .",north american expensive EOS_Z1,north american expensive EOS_Z1,thank you for using the cambridge restaurant system . goodbye .,"you're welcome , goodbye ."
626,4,,,,,
626,0,i'm looking for a mexican restaurant in the south part of town .,mexican south EOS_Z1,mexican south EOS_Z1,chiquito restaurant bar is a food_SLOT restaurant in the area_SLOT part of town .,chiquito restaurant bar is located in the area_SLOT part of town is in the pricerange_SLOT price range . would you like additional information ?
626,1,chiquito restaurant bar is located in the south part of town is in the expensive price range . would you like additional information ?what is the phone number and price range,mexican south EOS_Z1 phone pricerange,mexican south EOS_Z1 phone pricerange,chiquito restaurant bar is pricerange_SLOT . the phone number is 01223 400170 .,chiquito restaurant bar is pricerange_SLOT . their phone number is 01223 400170 . is there anything else i can help you with ?
626,2,chiquito restaurant bar is expensive . their phone number is 01223 400170 . is there anything else i can help you with ?i would like the address please .,mexican south EOS_Z1 address,mexican south EOS_Z1 address,the address for chiquito restaurant bar is 2g cambridge leisure park cherry hinton road cherry hinton .,the address is 2g cambridge leisure park cherry hinton road cherry hinton .
626,3,the address is 2g cambridge leisure park cherry hinton road cherry hinton .ok thank you . that 's all for today then .,mexican south EOS_Z1,mexican south EOS_Z1,thank you for using our system . good bye,thank you and good bye .
638,4,,,,,
638,0,i'm looking for a moderately priced japanese restaurant .,japanese moderate EOS_Z1,japanese moderate EOS_Z1,"i'm sorry , there are no food_SLOT restaurants in the pricerange_SLOT price range . would you like to try something else ?","i'm sorry , but there is no restaurant serving food_SLOT food and in the pricerange_SLOT price range . would you like to try another type of food or a different price range ?"
638,1,"i'm sorry , but there is no restaurant serving japanese food and in the moderate price range . would you like to try another type of food or a different price range ?how about modern european food ?",modern european moderate EOS_Z1,modern european moderate EOS_Z1,there are three restaurants serving modern food_SLOT food . what price range would you like ?,there are 3 restaurants serving modern food_SLOT food and in the pricerange_SLOT price range . would you like the area_SLOT or area_SLOT part of town ?
638,2,"there are 3 restaurants serving modern european food and in the moderate price range . would you like the south or centre part of town ?i don't have a preference , please make a suggestion .",modern european moderate EOS_Z1,modern european moderate EOS_Z1,galleria is an pricerange_SLOT restaurant that serves modern food_SLOT food .,de luca cucina and bar serves modern food_SLOT food and is in the pricerange_SLOT price range . their phone number is 01223 356666 and they are located at 83 regent street
638,3,de luca cucina and bar serves modern european food and is in the moderate price range . their phone number is 01223 356666 and they are located at 83 regent street thank you . goodbye .,modern european moderate EOS_Z1,modern european moderate EOS_Z1,thank you for using the cambridge restaurant system . goodbye .,you're welcome . thank you for using the system .
652,4,,,,,
652,0,"i would like a cheap restaurant in the east part of town , please .",cheap east EOS_Z1,cheap east EOS_Z1,the missing sock is a pricerange_SLOT restaurant in the area_SLOT part of town .,the only pricerange_SLOT restaurant in the area_SLOT part of tow is the missing sock .
652,1,"the only cheap restaurant in the east part of tow is the missing sock .address and phone number , please",cheap east EOS_Z1 address phone,cheap east EOS_Z1 address phone,the missing sock is located at finders corner newmarket road and the phone number is 01223 812660 . is there anything else i can help you with ?,the address for the missing sock is finders corner newmarket road and the phone number is 01223 812660 .
652,2,the address for the missing sock is finders corner newmarket road and the phone number is 01223 812660 .thank you good bye,cheap east EOS_Z1,cheap east EOS_Z1,thank you for using the cambridge restaurant system . goodbye .,thank you for calling . goodbye .
652,3,thank you for calling . goodbye .thanks so much . bye bye .,cheap east EOS_Z1,cheap east EOS_Z1,thank you for using the cambridge restaurant system . goodbye .,have a nice day
659,4,,,,,
659,0,i would like a restaurant in any area that serves scandinavian food,scandinavian EOS_Z1,scandinavian EOS_Z1,there are no restaurants serving food_SLOT food . would you like to try something else ?,there are no restaurants available that serve food_SLOT food . are there any other restaurants you would like to try ?
659,1,there are no restaurants available that serve scandinavian food . are there any other restaurants you would like to try ?how about french ?,french EOS_Z1,french EOS_Z1,cote is a food_SLOT restaurant located in the area_SLOT part of town and is in the pricerange_SLOT price range . would you like their location ?,restaurant two two serves food_SLOT food . would you like the location information ?
659,2,"restaurant two two serves french food . would you like the location information ?if you could give me the phone number , that would be great .",french EOS_Z1 phone,french EOS_Z1 phone,cote is located at bridge street city area_SLOT and their phone number is 01223 311053 . is there anything else i can help you with ?,the phone number for restaurant two two is 01223 351880 . can i help you with anything else ?
659,3,"the phone number for restaurant two two is 01223 351880 . can i help you with anything else ? no , thank you , that does it . thank you and goodbye !",french EOS_Z1,french EOS_Z1,thank you for using the cambridge restaurant system . goodbye .,goodbye .
610,4,,,,,
610,0,i would like a restaurant in the west part of town that serves international food,international west EOS_Z1,international west EOS_Z1,there are no food_SLOT restaurants in the area_SLOT part of town . would you like to try something else ?,sorry but there is not matching restaurants serving food_SLOT food in the area_SLOT .
610,1,sorry but there is not matching restaurants serving international food in the west .is there any restaurant in the east that serves international food ?,international east EOS_Z1,international east EOS_Z1,the missing sock serves food_SLOT food and is in the area_SLOT part of town .,"yes , the missing sock serves food_SLOT food and is located in the area_SLOT part of town ."
610,2,"yes , the missing sock serves international food and is located in the east part of town . can i have the phone number please",international east EOS_Z1 phone,international east EOS_Z1 phone,the phone number for missing sock is 01223 812660 .,there phone number is 01223812660 is there anything else i can help you with ?
610,3,"there phone number is 01223812660 is there anything else i can help you with ?that is all , thank you .",international east EOS_Z1,international east EOS_Z1,thank you for using the cambridge restaurant system . goodbye .,goodbye .
621,4,,,,,
621,0,i want a restaurant with corsica food please .,corsica EOS_Z1,corsica EOS_Z1,there are no restaurants matching your request .,what is the area you would like ?
621,1,what is the area you would like ?west side of town .,corsica west EOS_Z1,corsica west EOS_Z1,there are no food_SLOT restaurants in the area_SLOT part of town . would you like something else ?,there are no matching restaurants . would you like me to perform another search ?
621,2,there are no matching restaurants . would you like me to perform another search ?how about italian food instead and could i have the phone number if you find a restaurant,italian west EOS_Z1 phone,italian west EOS_Z1 phone,prezzo is an food_SLOT restaurant in the area_SLOT part of town . the phone number is 01799 521260 .,prezzo is a pricerange_SLOT priced food_SLOT restaurant in the area_SLOT side of town . the phone number is 01799 521260 .
621,3,"prezzo is a moderately priced italian restaurant in the west side of town . the phone number is 01799 521260 .thank you , goodbye .",italian moderate west EOS_Z1,italian west EOS_Z1,thank you for using the cambridge restaurant system . goodbye .,thank you good bye
662,4,,,,,
662,0,i would like a cheap restaurant that serves malaysian food,malaysian cheap EOS_Z1,malaysian cheap EOS_Z1,"i'm sorry , there are no food_SLOT restaurants in the pricerange_SLOT price range . would you like to try something else ?","i'm sorry , there are no restaurants in the city that serve food_SLOT food . can i help you find another restaurant ?"
662,1,"i'm sorry , there are no restaurants in the city that serve malaysian food . can i help you find another restaurant ?is there a cheap european restraunt ?",european cheap EOS_Z1,european cheap EOS_Z1,there is an pricerange_SLOT food_SLOT restaurant in the area_SLOT of town . would you like their location ?,yes . i found the river bar food_SLOT and grill . it is a pricerange_SLOT restaurant serving modern food_SLOT food and in the area_SLOT of town . would you like the address and phone number ?
662,2,yes . i found the river bar steakhouse and grill . it is a cheap restaurant serving modern european food and in the centre of town . would you like the address and phone number ? of course,european cheap EOS_Z1 address phone,european cheap EOS_Z1 address phone,the river bar food_SLOT and grill is located at quayside off bridge street and the phone number is 01223 307030 .,the river bar food_SLOT and grill is located at quayside off bridge street and its phone number is 01223307030 . is there anything else i can help you with ?
662,3,"the river bar steakhouse and grill is located at quayside off bridge street and its phone number is 01223307030 . is there anything else i can help you with ? no , and thank you for your help . goodbye .",european cheap EOS_Z1,european cheap EOS_Z1,thank you for using our system . good bye,our pleasure . please call again . goodbye .
636,3,,,,,
636,0,i'm looking for a place that has chinese food .,chinese EOS_Z1,chinese EOS_Z1,there are two food_SLOT restaurants . what price range would you like ?,"there are 17 food_SLOT restaurants , do you prefer any price range or any area in town ?"
636,1,"there are 17 chinese restaurants , do you prefer any price range or any area in town ? yes , i'm looking for the address of one in the east part of town .",chinese east EOS_Z1 address,chinese east EOS_Z1 address,yu garden is a food_SLOT restaurant in the area_SLOT part of town .,"yu garden is a great , but pricerange_SLOT , food_SLOT restaurant . they are located at 529 newmarket road fen ditton . is there anything else i can do for you ?"
636,2,"yu garden is a great , but expensive , chinese restaurant . they are located at 529 newmarket road fen ditton . is there anything else i can do for you ?thank you goodbye",chinese east EOS_Z1,chinese east EOS_Z1,thank you for using the cambridge restaurant system . goodbye .,goodbye .
666,3,,,,,
666,0,i would like a moderately priced restaurant in the west part of town,moderate west EOS_Z1,moderate west EOS_Z1,there are two pricerange_SLOT priced restaurants in the area_SLOT part of town . what price range would you like ?,"there are three pricerange_SLOT priced restaurants in the area_SLOT part of town . do you prefer food_SLOT , food_SLOT , or food_SLOT ?"
666,1,"there are three moderately priced restaurants in the west part of town . do you prefer indian , italian , or british ?can i have the address and phone number of the italian location ?",italian moderate west EOS_Z1 address phone,italian moderate west EOS_Z1 address phone,the pizza hut fen ditton is located at g4 cambridge leisure park clifton way cherry hinton and the phone number is 01223 323737 .,"prezzo is at 21 - 24 area_SLOT road , and can be reached at 01799 521260 . can i be of further assistance ?"
666,2,"prezzo is at 21 - 24 northampton road , and can be reached at 01799 521260 . can i be of further assistance ? that 's it . thank you , goodbye",italian moderate west EOS_Z1,italian moderate west EOS_Z1,thank you for using the cambridge restaurant system . goodbye .,thank you for using our system . good bye
644,3,,,,,
644,0,"hello , i am looking for a thai restaurant on the north side of town .",thai north EOS_Z1,thai north EOS_Z1,"i'm sorry , there are no food_SLOT restaurants in the area_SLOT part of town . would you like to try something else ?","unfortunately there are no food_SLOT restaurants in the area_SLOT , do you want to change an area to look for ?"
644,1,"unfortunately there are no thai restaurants in the north , do you want to change an area to look for ?how about west area ? i also want the address , phone number , and price range ?",thai west EOS_Z1 address phone pricerange,thai west EOS_Z1 address phone pricerange,sala thong is located at 35 newnham road newnham and their phone number is 01223 323178 . is there anything else i can help you with ?,"sala thong servers food_SLOT food and is pricerange_SLOT in the area_SLOT . their phone number is 01223323178 the address is 35 newnham road newnham , it there anything i can help you with ?"
644,2,"sala thong servers thai food and is expensive in the west . their phone number is 01223323178 the address is 35 newnham road newnham , it there anything i can help you with ?no , thank you . goodbye .",thai west EOS_Z1,thai west EOS_Z1,thank you for using our system . good bye,enjoy your meal .
671,3,,,,,
671,0,"hello , i am looking for a cheap restaurant on the south side of town .",cheap south EOS_Z1,cheap south EOS_Z1,there are two pricerange_SLOT restaurants in the area_SLOT part of town . what price range would you like ?,there is a place called nandos that specializes in food_SLOT food on the area_SLOT side of town .
671,1,there is a place called nandos that specializes in portuguese food on the south side of town .what is the address and postcode ?,cheap south EOS_Z1 address postcode,cheap south EOS_Z1 address postcode,"nandos is located at cambridge leisure park clifton way and the postcode is c .b 1 , 7 d .y","the phone number is 01223 327908 and the postcode is c .b 1 , 7 d .y"
671,2,"the phone number is 01223 327908 and the postcode is c .b 1 , 7 d .ythank you , goodbye .",cheap south EOS_Z1,cheap south EOS_Z1,thank you for using our system . good bye,thank you for using our system ! have a great day !
613,3,,,,,
613,0,i am looking for a restaurant in the moderate price range and in the north part of town .,moderate north EOS_Z1,moderate north EOS_Z1,there are two pricerange_SLOT priced restaurants in the area_SLOT part of town . do you have a preference on the type of food or price range ?,there are two pricerange_SLOT priced restaurants in the area_SLOT part of town . one specializes in food_SLOT cuisine and the other is a food_SLOT restaurant .
613,1,there are two moderately priced restaurants in the north part of town . one specializes in indian cuisine and the other is a chinese restaurant .i want the indian one . what 's the address and phone number ?,moderate indian north EOS_Z1 address phone,moderate indian north EOS_Z1 address phone,the nirala is located at 7 milton road chesterton and the phone number is 01223 360966 . is there anything else i can help you with ?,the food_SLOT restaurant is located at 7 milton road chesterton and the phone number is 01223 360966
613,2,the indian restaurant is located at 7 milton road chesterton and the phone number is 01223 360966thank you very much,moderate north indian EOS_Z1,moderate north indian EOS_Z1,thank you for using the cambridge restaurant system . goodbye .,thank you for using the cambridge restaurant phone system . enjoy your meal !
609,3,,,,,
609,0,are there any lebanese restaurants in the city ?,lebanese EOS_Z1,lebanese EOS_Z1,ali baba is a food_SLOT restaurant in the city area_SLOT .,ali baba is a nice food_SLOT place in the area_SLOT .
609,1,ali baba is a nice lebanese place in the centre .can i have the phone number please .,lebanese EOS_Z1 phone,lebanese EOS_Z1 phone,the phone number for ali baba is 01223 362525 .,their phone number is 01462 432565 . is there anything else i can help you with today ?
609,2,"their phone number is 01462 432565 . is there anything else i can help you with today ? thank you , goodbye .",lebanese EOS_Z1,lebanese EOS_Z1,thank you for using the cambridge restaurant system . goodbye .,thank you goodbye
655,3,,,,,
655,0,"could you recommend a restaurant that serves french food ? i'll need the address , phone number and postcode . thank you .",french EOS_Z1 address phone postcode,french EOS_Z1 address phone postcode,"cote is a food_SLOT restaurant located at bridge street city area_SLOT , postcode c .b 2 , 3 a .r .",you would like a restaurant serving food_SLOT food . do you have a preference to what area it is located ?
655,1,"you would like a restaurant serving french food . do you have a preference to what area it is located ? i don't care . please give me address , phone number , and postcode .",french EOS_Z1 address phone postcode,french EOS_Z1 address phone postcode,"cote is located at bridge street city area_SLOT , postcode c .b 2 , 1 u .f , and their phone number is 01223 311053 .","i can recommend 2 restaurants serving food_SLOT cuisine : cote , located at bridge street city area_SLOT c .b2 , 1 u .f , phone number 01223 311053 or restaurant two two located at 22 chesterton road chesterton , c .b 4 , 3 a .x , phone number 01223 351880"
655,2,"i can recommend 2 restaurants serving french cuisine : cote , located at bridge street city centre c .b2 , 1 u .f , phone number 01223 311053 or restaurant two two located at 22 chesterton road chesterton , c .b 4 , 3 a .x , phone number 01223 351880 thank you good bye",french EOS_Z1,french EOS_Z1,you're welcome .,you are welcome .
632,3,,,,,
632,0,i'm looking for a restaurant in the moderate price range in the east part of town,moderate east EOS_Z1,moderate east EOS_Z1,there are several pricerange_SLOT priced restaurants in the area_SLOT part of town . do you have a preference for the type of food or price range ?,"how about curry prince , they are in the pricerange_SLOT price range in the area_SLOT part of town"
632,1,"how about curry prince , they are in the moderate price range in the east part of towncan i get the address , phone number , and postcode ?",moderate east EOS_Z1 address phone postcode,moderate east EOS_Z1 address phone postcode,"the address is 451 newmarket road fen ditton , postcode c .b 5 , 8 p .a and the phone number is 01223 566388 .","their phone number is 01223 566388 . their address is 451 newmarket road fen ditton , postcode c .b 5 , 8 j .j ."
632,2,"their phone number is 01223 566388 . their address is 451 newmarket road fen ditton , postcode c .b 5 , 8 j .j .thank you . goodbye .",moderate east EOS_Z1,moderate east EOS_Z1,thank you for using our system . good bye,you're welcome . thank you for calling . goodbye .
665,3,,,,,
665,0,i am looking for a cheap restaurant in the east part of town .,cheap east EOS_Z1,cheap east EOS_Z1,the missing sock is a pricerange_SLOT restaurant in the area_SLOT part of town .,the missing sock is a pricerange_SLOT food_SLOT restaurant in the area_SLOT side . would you like the address or phone number ?
665,1,"the missing sock is a cheap international restaurant in the east side . would you like the address or phone number ?yes , please . could you tell me both the address and phone number ?",cheap east EOS_Z1 address phone,cheap east EOS_Z1 address phone,the address for the missing sock is finders corner newmarket road and the phone number is 01223 812660 .,"they are at finders corner newmarket road , and their number is 01223 812660 ."
665,2,"they are at finders corner newmarket road , and their number is 01223 812660 .thank you . good bye .",cheap east EOS_Z1,cheap east EOS_Z1,thank you for using our system . good bye,thank you and goodbye !
643,3,,,,,
643,0,"hello , i am looking for a moderately priced restaurant on the south side of town .",moderate south EOS_Z1,moderate south EOS_Z1,there are two pricerange_SLOT priced restaurants in the area_SLOT part of town . do you have a preference on the type of food or price range ?,there are two pricerange_SLOT priced restaurants in the area_SLOT area . would you like food_SLOT or modern food_SLOT ?
643,1,there are two moderately priced restaurants in the south area . would you like italian or modern european ?is there anything else ? can i get the phone number please ?,moderate south EOS_Z1 phone,moderate south EOS_Z1 phone,the phone number for pizza hut cherry hinton is 01223 323737 .,the pizza hut cherry hinton is located in the area_SLOT part of town and is in the pricerange_SLOT price range . their phone number is 01223 323737 . may i help you with anything else ?
643,2,the pizza hut cherry hinton is located in the south part of town and is in the moderate price range . their phone number is 01223 323737 . may i help you with anything else ? thank you goodbye .,moderate south EOS_Z1,moderate south EOS_Z1,thank you for using the cambridge restaurant system . goodbye .,"yes , goodbye ."
654,3,,,,,
654,0,i am looking for a moderately priced restaurant in the south part of town . any kind of food is good with me; i would just like to know the phone number of the venue you find .,moderate south EOS_Z1 phone,moderate south EOS_Z1 phone,the lucky star is a pricerange_SLOT priced restaurant in the area_SLOT part of town . the phone number is 01223 244277 .,restaurant alimentum 's phone number is 01223 413000 .
654,1,restaurant alimentum 's phone number is 01223 413000 .can you tell me what type of food they serve ?,moderate south EOS_Z1 food,moderate south EOS_Z1 food,they serve food_SLOT food .,restaurant alimentum serves modern food_SLOT food .
654,2,"restaurant alimentum serves modern european food .thank you , goodbye .",moderate south EOS_Z1,moderate south EOS_Z1,thank you for using the cambridge restaurant system . goodbye .,you're very welcome . have a good evening .
660,3,,,,,
660,0,need a restrauant serving turkish style venue,turkish EOS_Z1,turkish EOS_Z1,anatolia is a food_SLOT restaurant in the area_SLOT of town .,"ok , so you would like a food_SLOT restaurant . in what area would you like to eat ?"
660,1,"ok , so you would like a turkish restaurant . in what area would you like to eat ?any area would be fine ! could i please get the address and postcode of a turkish restaurant ?",turkish EOS_Z1 address postcode,turkish EOS_Z1 address postcode,"anatolia is located at 30 bridge street city area_SLOT , postcode c .b 2 , 1 u .f .","anatolia is a food_SLOT restaurant at 30 bridge street city area_SLOT , c .b 2 , 1 u .j . is there anything else i can help you with today ?"
660,2,"anatolia is a turkish restaurant at 30 bridge street city centre , c .b 2 , 1 u .j . is there anything else i can help you with today ?thank you goodbye .",turkish EOS_Z1,turkish EOS_Z1,thank you for using the cambridge restaurant system . goodbye .,"thank you , goodbye ."
653,3,,,,,
653,0,i'm looking for a gastropub restaurant .,gastropub EOS_Z1,gastropub EOS_Z1,there are four food_SLOT restaurants . what area are you looking for ?,the backstreet food_SLOT serves food_SLOT food .
653,1,the backstreet bistro serves gastropub food .can i have the address and postcode .,gastropub EOS_Z1 address postcode,gastropub EOS_Z1 address postcode,"the address is backstreet food_SLOT at 30 bridge street city area_SLOT and the postcode is c .b 2 , 1 u .j .","the address is 2 sturton street city area_SLOT , c .b 1 ,2 q .a ."
653,2,"the address is 2 sturton street city centre , c .b 1 ,2 q .a .thank you , goodbye",gastropub EOS_Z1,gastropub EOS_Z1,thank you for using our system . good bye,thank you for using the cambridge restaurant system phone line . enjoy your meal !
649,3,,,,,
649,0,i am looking for the address and price range of a restaurant serving chinese food in the south part of town .,chinese south EOS_Z1 address pricerange,chinese south EOS_Z1 address pricerange,there are two food_SLOT restaurants in the area_SLOT part of town . do you have a preference on area ?,peking restaurant is a food_SLOT restaurant located in the area_SLOT part of town in the pricerange_SLOT price range . their address is 10 homerton street city area_SLOT .
649,1,"peking restaurant is a chinese restaurant located in the south part of town in the expensive price range . their address is 10 homerton street city centre .thank you , goodbye .",chinese south EOS_Z1,chinese south EOS_Z1,thank you for using the cambridge restaurant system . goodbye .,thank you and have a wonderful day !
649,2,thank you and have a wonderful day !thanks again . goodbye !,chinese south EOS_Z1,chinese south EOS_Z1,goodbye .,thank you for using the cambridge restaurant system . goodbye .
668,3,,,,,
668,0,hi . can you please help me find a moderately priced restaurant in the south part of town ?,moderate south EOS_Z1,moderate south EOS_Z1,there are two pricerange_SLOT priced restaurants in the area_SLOT part of town . what price range would you like ?,here is a list of restaurants located in the area_SLOT side of town in the pricerange_SLOT price range
668,1,here is a list of restaurants located in the south side of town in the moderate price rangemay i have the address and phone number please,moderate south EOS_Z1 address phone,moderate south EOS_Z1 address phone,the address for the area_SLOT part of town is 191 histon road chesterton and the phone number is 01223 360966 . is there anything else i can help you with ?,pizza hut cherry hinton is at g4 cambridge leisure park clifton way cherry hinton and phone number is 01223 323737 .
668,2,pizza hut cherry hinton is at g4 cambridge leisure park clifton way cherry hinton and phone number is 01223 323737 .thank you . goodbye .,moderate south EOS_Z1,moderate south EOS_Z1,thank you for using our system . good bye,thank you ! goodbye .
640,3,,,,,
640,0,i would like a moderately priced restaurant located in the south part of town .,moderate south EOS_Z1,moderate south EOS_Z1,there are two pricerange_SLOT priced restaurants in the area_SLOT part of town . what price range would you like ?,pizza hut cherry hinton is an food_SLOT restaurant in the area_SLOT of town in the pricerange_SLOT price range .
640,1,pizza hut cherry hinton is an italian restaurant in the south of town in the moderate price range .what type of food are they . what is their address ?,moderate south EOS_Z1 address food,moderate south EOS_Z1 address food,pizza hut cherry hinton is located at g4 cambridge leisure park clifton way cherry hinton .,they serve food_SLOT food . the address is g4 cambridge leisure park clifton way cherry hinton .
640,2,they serve italian food . the address is g4 cambridge leisure park clifton way cherry hinton .thank you . good bye,moderate south EOS_Z1,moderate south EOS_Z1,thank you for using the cambridge restaurant system . goodbye .,you're welcome . enjoy !
648,3,,,,,
648,0,"i would like a restaurant that serves world food . it should be a really good restaurant , and it 's ok if it 's expensive .",world EOS_Z1,world EOS_Z1,"i'm sorry , there are no food_SLOT restaurants listed . would you like to try something else ?",there are no matching restaurants
648,1,"there are no matching restaurantshow about italian ? i would like to go to nice place with great atmosphere and expensive , i would like the address , phone number and area",italian expensive EOS_Z1 address area phone,italian expensive EOS_Z1 address area phone,da vinci pizzeria is located in the area_SLOT of town and in the pricerange_SLOT price range . their phone number is 01223 351707 .,caffe uno is located at 32 bridge street city area_SLOT and their phone number is 01223 448620 .
648,2,caffe uno is located at 32 bridge street city centre and their phone number is 01223 448620 .thank you goodbye,italian expensive EOS_Z1,italian expensive EOS_Z1,thank you for using our system . good bye,enjoy your meal !
623,3,,,,,
623,0,can i get a korean restaurant in the town centre ?,korean centre EOS_Z1,korean centre EOS_Z1,little seoul is a food_SLOT restaurant in the area_SLOT of town .,little seoul is located in the town area_SLOT
623,1,"little seoul is located in the town centrecan you tell me the address , phone number , and postcode of little seoul , please ?",korean centre EOS_Z1 address phone postcode,korean centre EOS_Z1 address phone postcode,"little seoul is located at 108 regent street city area_SLOT , and the phone number is 01223 308681 . is there anything else i can help you with ?","sure , little seoul is located at 108 regent street city area_SLOT . its phone number is 01223 308681 and the postcode is cb21dp . is there anything i can help you with ?"
623,2,"sure , little seoul is located at 108 regent street city centre . its phone number is 01223 308681 and the postcode is cb21dp . is there anything i can help you with ? thank you , goodbye .",korean centre EOS_Z1,korean centre EOS_Z1,thank you for using our system . good bye,"thank you , goodbye ."
628,3,,,,,
628,0,"hello , i am looking for a moderately priced restaurant that serves gastropub food .",gastropub moderate EOS_Z1,gastropub moderate EOS_Z1,the cow pizza kitchen and bar is a pricerange_SLOT priced food_SLOT restaurant in the area_SLOT of town .,the cow pizza kitchen and bar serves food_SLOT food and is in the pricerange_SLOT price range .
628,1,the cow pizza kitchen and bar serves gastropub food and is in the moderate price range .may i please have the phone number ?,gastropub moderate EOS_Z1 phone,gastropub moderate EOS_Z1 phone,the phone number for the cow pizza kitchen and bar is 01223 308871 .,01223 308871 will that be all ?
628,2,01223 308871 will that be all ?thank you that 's all,moderate EOS_Z1,gastropub moderate EOS_Z1,thank you for using the cambridge restaurant system . goodbye .,you're welcome !
675,5,,,,,
675,0,"i am interested in a restaurant located in the north part of town that specializes in indonesian food , please .",indonesian north EOS_Z1,indonesian north EOS_Z1,there are no restaurants serving food_SLOT food in the area_SLOT part of town . would you like to try something else ?,there are no restaurants serving food_SLOT food in the area_SLOT part of town . would you like me to look in another part of town ?
675,1,there are no restaurants serving indonesian food in the north part of town . would you like me to look in another part of town ?what about italian food ?,italian north EOS_Z1,italian north EOS_Z1,there are three restaurants that serve food_SLOT food . what price range would you like ?,da vinci pizzeria is a restaurant serving food_SLOT food in the area_SLOT part of town . would you like any additional information ?
675,2,"da vinci pizzeria is a restaurant serving italian food in the north part of town . would you like any additional information ?yes , may i have the address and phone number please ?",italian north EOS_Z1 address phone,italian north EOS_Z1 address phone,da vinci pizzeria is located at 20 milton road chesterton and the phone number is 01223 351707 .,the address is 20 milton road chesterton and the phone number is 01223 351707 .
675,3,"the address is 20 milton road chesterton and the phone number is 01223 351707 .thank you , goodbye .",italian north EOS_Z1,italian north EOS_Z1,thank you for using the cambridge restaurant system . goodbye .,goodbye .
675,4,goodbye .bye .,italian north EOS_Z1,italian north EOS_Z1,thank you .,have a good evening .
615,5,,,,,
615,0,i want to find a moderately priced restaurant in the north part of town . what is the phone number ?,moderate north EOS_Z1 phone,moderate north EOS_Z1 phone,the golden wok is a pricerange_SLOT priced restaurant in the area_SLOT part of town . their phone number is 01223 350688 .,golden wok is in the pricerange_SLOT price range and is in the area_SLOT area of town .
615,1,golden wok is in the moderate price range and is in the north area of town . is there anything else in the expensive range in the north area of town ?,expensive north EOS_Z1,expensive north EOS_Z1,there are two restaurants in the area_SLOT part of town . what price range would you like ?,"yes , there is an pricerange_SLOT food_SLOT restaurant called restaurant two two ."
615,2,"yes , there is an expensive french restaurant called restaurant two two .what is the phone number of that one please ?",expensive north EOS_Z1 phone,expensive north EOS_Z1 phone,the phone number for restaurant two two is 01223 351880 .,the phone number of it is 01223 351880 .
615,3,the phone number of it is 01223 351880 .what is the phone number ?,expensive north EOS_Z1 phone,expensive north EOS_Z1 phone,the phone number for the nirala is 01223 351880 . is there anything else i can help you with ?,restaurant two two 's phone number is 01223 351880 . how else may i assist you ?
615,4,restaurant two two 's phone number is 01223 351880 . how else may i assist you ?that is all . thank you .,expensive north EOS_Z1,expensive north EOS_Z1,thank you .,my pleasure . goodbye .
646,5,,,,,
646,0,i am looking for a restaurant in the west part of town .,west EOS_Z1,west EOS_Z1,there are several restaurants in the area_SLOT part of town . do you have a preference for the type of food or price range ?,"cambridge lodge restaurant is in the area_SLOT part of town , and it serves food_SLOT food ."
646,1,"cambridge lodge restaurant is in the west part of town , and it serves european food .thank you . can i have the address please ?",cambridge west EOS_Z1 address,west EOS_Z1 address,the address is cambridge lodge hotel 139 huntingdon road city area_SLOT .,yes . their address is 139 huntingdon road city area_SLOT .
646,2,yes . their address is 139 huntingdon road city centre . thank you . i would like their price range and phone number as well please .,cambridge west EOS_Z1 phone pricerange,west EOS_Z1 phone pricerange,the phone number for huntingdon road is 01223 355166 and they are located at 21-24 area_SLOT road .,cambridge lodge restaurant is in the pricerange_SLOT price range and the phone number is 01223 355166 .
646,3,"cambridge lodge restaurant is in the expensive price range and the phone number is 01223 355166 .thank you , goodbye .",cambridge west EOS_Z1,west EOS_Z1,thank you for using the cambridge restaurant system . goodbye .,you're welcome . goodbye .
646,4,you're welcome . goodbye .goodbye .,cambridge west EOS_Z1,west EOS_Z1,thank you for using the cambridge restaurant system . goodbye .,enjoy your dining experience .
673,5,,,,,
673,0,i am looking for a restaurant that serves moroccan food and is moderately priced .,moroccan moderate EOS_Z1,moroccan moderate EOS_Z1,"i'm sorry , there are no restaurants serving food_SLOT food in the pricerange_SLOT price range . would you like to try something else ?",which area would you like ?
673,1,which area would you like ?i don't care what area it is in .,moroccan moderate EOS_Z1,moroccan moderate EOS_Z1,"i'm sorry , there are no food_SLOT restaurants in the pricerange_SLOT price range . would you like to try something else ?",there are no pricerange_SLOT priced food_SLOT restaurants in any area . might another type of food interest you ?
673,2,"there are no moderately priced moroccan restaurants in any area . might another type of food interest you ?yes , what about turkish food ?",turkish moderate EOS_Z1,turkish moderate EOS_Z1,there are three restaurants that serve food_SLOT food . what price range would you like ?,anatolia and efes restaurants are food_SLOT .
673,3,anatolia and efes restaurants are turkish .may i have the address of anatolia ?,turkish moderate EOS_Z1 address,turkish moderate EOS_Z1 address,the address for anatolia is 30 bridge street city area_SLOT .,the address is 30 bridge street city area_SLOT .
673,4,"the address is 30 bridge street city centre . thank you , goodbye .",turkish moderate EOS_Z1,turkish moderate EOS_Z1,"thank you , goodbye .",you're welcome . goodbye .
639,5,,,,,
639,0,get me a restaurant that serves european food .,european EOS_Z1,european EOS_Z1,there are several restaurants that serve food_SLOT food . do you have a preference ?,"there are several restaurants serving food_SLOT food . would you like the area_SLOT , center or area_SLOT part of town ?"
639,1,"there are several restaurants serving european food . would you like the west , center or south part of town ? i dont really care .",european EOS_Z1,european EOS_Z1,galleria serves food_SLOT food and is in the area_SLOT part of town .,which price range are you looking for ?
639,2,which price range are you looking for ?any price range is fine .,european EOS_Z1,european EOS_Z1,galleria is a nice restaurant serving food_SLOT food in the pricerange_SLOT price range .,cambridge lodge restaurant serves food_SLOT food . is there anything else i can help you with ?
639,3,cambridge lodge restaurant serves european food . is there anything else i can help you with ?could i have the phone number and postcode for that restaurant please ?,european EOS_Z1 phone postcode,european EOS_Z1 phone postcode,"the phone number for cambridge lodge restaurant is 01223 355166 and the postcode is c .b 2 , 3 a .x","the phone number is 01223 355166 and the post code is c .b 3 , 0 d .q . is there anything else ?"
639,4,"the phone number is 01223 355166 and the post code is c .b 3 , 0 d .q . is there anything else ?no , thank you .",european EOS_Z1,european EOS_Z1,thank you .,thank you .
672,5,,,,,
672,0,i want to find a restaurant in the south part of town and serves scandinavian food .,scandinavian south EOS_Z1,scandinavian south EOS_Z1,there are no restaurants serving food_SLOT food in the area_SLOT part of town . would you like to try something else ?,there are no food_SLOT restaurants in the area_SLOT part of town .
672,1,there are no scandinavian restaurants in the south part of town . how about italian food ?,italian south EOS_Z1,italian south EOS_Z1,there are two food_SLOT restaurants in the area_SLOT part of town . do you have a preference on the price range ?,"yes , we have two food_SLOT restaurants in the area_SLOT area . would you prefer the pricerange_SLOT priced or the pricerange_SLOT one ?"
672,2,"yes , we have two italian restaurants in the south area . would you prefer the moderately priced or the expensive one ?i don't have a preference . please make a suggestion .",italian south EOS_Z1,italian south EOS_Z1,da vinci pizzeria is a pricerange_SLOT priced food_SLOT restaurant in the area_SLOT part of town .,"pizza hut cherry hinton is an food_SLOT restaurant , it is on the area_SLOT part of town , and it is in the pricerange_SLOT price range . would you like the address and phone number ?"
672,3,"pizza hut cherry hinton is an italian restaurant , it is on the south part of town , and it is in the moderate price range . would you like the address and phone number ?and postcode ?",italian south EOS_Z1 address phone postcode,italian south EOS_Z1 address phone postcode,"the address is g4 cambridge leisure park clifton way cherry hinton and the postcode is c .b 1 , 7 d .y","post code is c .b 1 , 7 d .y , phone number is 01223 323737 , and address is g4 cambridge leisure park clifton way cherry hinton ."
672,4,"post code is c .b 1 , 7 d .y , phone number is 01223 323737 , and address is g4 cambridge leisure park clifton way cherry hinton .great , thank you",italian south EOS_Z1,italian south EOS_Z1,"thank you , goodbye .","thank you , have a nice day !"
629,5,,,,,
629,0,i am looking for a restaurnt in the west end that isn't too high priced .,moderate west EOS_Z1,moderate west EOS_Z1,there are two restaurants in the area_SLOT part of town that serve pricerange_SLOT food . what price range would you like ?,saint johns chop house ?
629,1,saint johns chop house ?where is saint johns chop house ?,moderate west EOS_Z1 address,moderate west EOS_Z1 address,saint johns chop house is located at 21-24 area_SLOT street,it is at 21 - 24 area_SLOT street
629,2,it is at 21 - 24 northampton streetis this in the west part of town and can i get the phone number ?,moderate west EOS_Z1 phone,moderate west EOS_Z1 phone,the phone number for area_SLOT restaurant is 01223 353110 .,saint johns chop house is in area_SLOT part of town . the phone number is 01223 353110 .
629,3,"saint johns chop house is in west part of town . the phone number is 01223 353110 .what type of food do they serve ? and to clarify , this is moderately priced , correct ?",moderate west EOS_Z1 food,moderate west EOS_Z1 food,saint johns chop house serves pricerange_SLOT priced food_SLOT food .,saint johns chop house is a food_SLOT restaurant in the area_SLOT which is pricerange_SLOT priced .
629,4,saint johns chop house is a british restaurant in the west which is moderately priced . thank you goodbye .,moderate west EOS_Z1,moderate west EOS_Z1,thank you for using the cambridge restaurant system . goodbye .,"you're welcome , goodbye ."
622,5,,,,,
622,0,"hi , i want a moderately priced restaurant .",moderate EOS_Z1,moderate EOS_Z1,there are two pricerange_SLOT priced restaurants . what type of food would you like ?,there are several restaurants in the pricerange_SLOT price range . do you have a preference for the type of food or part of town ?
622,1,there are several restaurants in the moderate price range . do you have a preference for the type of food or part of town ? located in the east side,moderate east EOS_Z1,moderate east EOS_Z1,there are several restaurants in the area_SLOT part of town . do you have a preference on the type of food or price range ?,"there is a pricerange_SLOT priced food_SLOT restaurant located on the area_SLOT side , would you like that address ?"
622,2,"there is a moderate priced indian restaurant located on the east side , would you like that address ?yes please , could i have the address , phone number , and postcode of the venue ?",moderate east EOS_Z1 address phone postcode,moderate east EOS_Z1 address phone postcode,"the curry prince is located at 451 newmarket road fen ditton , postcode c .b 5 , 8 p .a and the phone number is 01223 566388 .","curry prince 's address is 451 newmarket road fen ditton , their postcode is c .b 5 , 8 j .j . their phone number is 01223 566388"
622,3,"curry prince 's address is 451 newmarket road fen ditton , their postcode is c .b 5 , 8 j .j . their phone number is 01223 566388thank you .",moderate east EOS_Z1,moderate east EOS_Z1,thank you .,you're welcome . anything else i can help you find ?
622,4,"you're welcome . anything else i can help you find ?that 's it , thanks . good bye .",moderate east EOS_Z1,moderate east EOS_Z1,thank you for using the cambridge restaurant system . goodbye .,thank you for calling . goodbye .
612,5,,,,,
612,0,i am looking for a restaurant that is moderately priced and in the north part of town .,moderate north EOS_Z1,moderate north EOS_Z1,there are two restaurants in the area_SLOT part of town that serve pricerange_SLOT food . what price range would you like ?,the golden wok is in the area_SLOT part of town and is in the pricerange_SLOT price range .
612,1,"the golden wok is in the north part of town and is in the moderate price range .no i am not interested in the golden wok , is there anything else ?",moderate north EOS_Z1,moderate north EOS_Z1,there are two restaurants in the area_SLOT part of town . what price range would you like ?,the nirala is also located in the area_SLOT and pricerange_SLOT priced . it serves food_SLOT food .
612,2,the nirala is also located in the north and moderately priced . it serves indian food .great ! can i have the phone number and postcode please ?,moderate north EOS_Z1 phone postcode,moderate north EOS_Z1 phone postcode,the phone number for the nirala is 01223 360966 and they are located at 7 milton road chesterton . is there anything else i can help you with ?,the nirala is located at 7 milton road chesterton . its phone number is 01223 360966 and the postcode is cb41uy . is there anything else i can help you with ?
612,3,the nirala is located at 7 milton road chesterton . its phone number is 01223 360966 and the postcode is cb41uy . is there anything else i can help you with ? that is all i needed . thank you .,moderate north EOS_Z1,moderate north EOS_Z1,thank you for using our system . good bye,thank you for using this system and please call us again . goodbye .
612,4,thank you for using this system and please call us again . goodbye .bye,moderate north EOS_Z1,moderate north EOS_Z1,thank you for using the cambridge restaurant system . goodbye .,thank you for using the cambridge restaurant sytem . good bye .
627,2,,,,,
627,0,i'm looking for an english restaurant that 's moderately priced . .,english moderate EOS_Z1,english moderate EOS_Z1,there are no restaurants serving food_SLOT food . would you like to try something else ?,there are no restaurants matching your request . may i help you find a different restaurant ?
627,1,"there are no restaurants matching your request . may i help you find a different restaurant ? okay , then i'm looking for a restaurant with chinese food that 's moderately priced .",chinese moderate EOS_Z1,chinese moderate EOS_Z1,there are two restaurants matching your request . do you have a preference on area or price range ?,"i have four restaurants matching your request , would you like to hear them all or narrow your request ?"
624,2,,,,,
624,0,i want a moderately priced restaurant in the north part of town . what is the address ?,moderate north EOS_Z1 address,moderate north EOS_Z1 address,the golden wok is a pricerange_SLOT priced restaurant in the area_SLOT part of town . the address is 191 histon road chesterton .,the nirala is a great pricerange_SLOT priced food_SLOT restaurant in the area_SLOT part of town . they are located at 191 histon road chesterton . is there anything else i can do for you today ?
624,1,"the nirala is a great moderately priced indian restaurant in the north part of town . they are located at 191 histon road chesterton . is there anything else i can do for you today ?thank you , goodbye .",moderate north EOS_Z1,moderate north EOS_Z1,thank you for using the cambridge restaurant system . goodbye .,thank you . good bye .
645,2,,,,,
645,0,"i want to find an expensive restaurant and serves european food . can i also have the address , phone number and its area . ?",european expensive EOS_Z1 address area phone,european expensive EOS_Z1 address area phone,i found several pricerange_SLOT food_SLOT restaurants . would you like to try something else ?,eraina is a food_SLOT restaurant in the area_SLOT area . their address is st . michael 's church trinity street city area_SLOT and phone number 01223 355166 .
645,1,eraina is a european restaurant in the centre area . their address is st . michael 's church trinity street city centre and phone number 01223 355166 . thank you goodbye,european expensive EOS_Z1,european expensive EOS_Z1,thank you for using the cambridge restaurant system . goodbye .,thank you and good bye
637,2,,,,,
637,0,hello ! i am looking for the address and phone number of a lebanese restaurant in the centre .,lebanese centre EOS_Z1 address phone,lebanese centre EOS_Z1 address phone,ali baba is a food_SLOT restaurant in the area_SLOT of town . the address is 59 hills road city area_SLOT and the phone number is 01223 367660 .,ali baba is a food_SLOT restaurant in the area_SLOT area . its address is 59 hills road city . phone number is 01462 432565
637,1,"ali baba is a lebanese restaurant in the centre area . its address is 59 hills road city . phone number is 01462 432565thank you , goodbye .",lebanese centre EOS_Z1,lebanese centre EOS_Z1,thank you for using our system . good bye,thank you .
